Epoch		Train-loss		Test-loss		Train-IoU		Test-IoU		learningRate
1		0.0709		0.0259		0.0000		0.3480		0.00050000
2		0.0229		0.0210		0.0000		0.3636		0.00049820
3		0.0191		0.0175		0.0000		0.3863		0.00049640
4		0.0173		0.0170		0.0000		0.3949		0.00049460
5		0.0168		0.0170		0.0000		0.4039		0.00049279
6		0.0158		0.0153		0.0000		0.4054		0.00049099
7		0.0151		0.0150		0.0000		0.3895		0.00048919
8		0.0146		0.0143		0.0000		0.4227		0.00048738
9		0.0144		0.0142		0.0000		0.4065		0.00048558
10		0.0144		0.0136		0.0000		0.4071		0.00048377
11		0.0141		0.0135		0.0000		0.4039		0.00048196
12		0.0138		0.0128		0.0000		0.3976		0.00048016
13		0.0134		0.0139		0.0000		0.4053		0.00047835
14		0.0133		0.0131		0.0000		0.4315		0.00047654
15		0.0134		0.0123		0.0000		0.4168		0.00047473
16		0.0132		0.0129		0.0000		0.3695		0.00047292
17		0.0131		0.0122		0.0000		0.4159		0.00047111
18		0.0130		0.0122		0.0000		0.4262		0.00046929
19		0.0127		0.0127		0.0000		0.4307		0.00046748
20		0.0130		0.0117		0.0000		0.4259		0.00046567
21		0.0128		0.0129		0.0000		0.4241		0.00046385
22		0.0127		0.0130		0.0000		0.4104		0.00046204
23		0.0127		0.0119		0.0000		0.4238		0.00046022
24		0.0126		0.0130		0.0000		0.3980		0.00045840
25		0.0124		0.0121		0.0000		0.4240		0.00045658
26		0.0127		0.0125		0.0000		0.4263		0.00045477
27		0.0123		0.0122		0.0000		0.4183		0.00045295
28		0.0125		0.0129		0.0000		0.4126		0.00045113
29		0.0123		0.0130		0.0000		0.4143		0.00044931
30		0.0126		0.0125		0.0000		0.4224		0.00044748
31		0.0125		0.0124		0.0000		0.4198		0.00044566
32		0.0122		0.0118		0.0000		0.4076		0.00044384
33		0.0123		0.0128		0.0000		0.3767		0.00044201
34		0.0123		0.0132		0.0000		0.3930		0.00044019
35		0.0124		0.0128		0.0000		0.4184		0.00043836
36		0.0123		0.0133		0.0000		0.4134		0.00043653
37		0.0122		0.0117		0.0000		0.4264		0.00043471
38		0.0121		0.0114		0.0000		0.4150		0.00043288
39		0.0124		0.0116		0.0000		0.4154		0.00043105
40		0.0121		0.0116		0.0000		0.4317		0.00042922
41		0.0121		0.0135		0.0000		0.3985		0.00042739
42		0.0120		0.0113		0.0000		0.4208		0.00042555
43		0.0120		0.0120		0.0000		0.4209		0.00042372
44		0.0119		0.0115		0.0000		0.4165		0.00042189
45		0.0118		0.0114		0.0000		0.4358		0.00042005
46		0.0120		0.0116		0.0000		0.4388		0.00041822
47		0.0121		0.0142		0.0000		0.3935		0.00041638
48		0.0120		0.0134		0.0000		0.4183		0.00041454
49		0.0117		0.0112		0.0000		0.4354		0.00041271
50		0.0118		0.0114		0.0000		0.4188		0.00041087
51		0.0116		0.0110		0.0000		0.4426		0.00040903
52		0.0117		0.0114		0.0000		0.4411		0.00040718
53		0.0117		0.0115		0.0000		0.4209		0.00040534
54		0.0119		0.0110		0.0000		0.4312		0.00040350
55		0.0116		0.0111		0.0000		0.4207		0.00040166
56		0.0116		0.0116		0.0000		0.4202		0.00039981
57		0.0116		0.0110		0.0000		0.4498		0.00039797
58		0.0116		0.0138		0.0000		0.4210		0.00039612
59		0.0115		0.0111		0.0000		0.4395		0.00039427
60		0.0114		0.0110		0.0000		0.4303		0.00039242
61		0.0116		0.0107		0.0000		0.4501		0.00039057
62		0.0113		0.0114		0.0000		0.4224		0.00038872
63		0.0116		0.0111		0.0000		0.4253		0.00038687
64		0.0114		0.0109		0.0000		0.4238		0.00038502
65		0.0114		0.0109		0.0000		0.4519		0.00038316
66		0.0113		0.0101		0.0000		0.4458		0.00038131
67		0.0113		0.0101		0.0000		0.4438		0.00037945
68		0.0111		0.0109		0.0000		0.4339		0.00037760
69		0.0113		0.0109		0.0000		0.4403		0.00037574
70		0.0111		0.0102		0.0000		0.4403		0.00037388
71		0.0112		0.0114		0.0000		0.4176		0.00037202
72		0.0111		0.0098		0.0000		0.4600		0.00037016
73		0.0110		0.0104		0.0000		0.4369		0.00036830
74		0.0110		0.0118		0.0000		0.4352		0.00036644
75		0.0112		0.0107		0.0000		0.4307		0.00036457
76		0.0111		0.0099		0.0000		0.4431		0.00036271
77		0.0108		0.0100		0.0000		0.4354		0.00036084
78		0.0107		0.0099		0.0000		0.4593		0.00035898
79		0.0110		0.0100		0.0000		0.4308		0.00035711
80		0.0110		0.0104		0.0000		0.4565		0.00035524
81		0.0109		0.0099		0.0000		0.4505		0.00035337
82		0.0108		0.0112		0.0000		0.4336		0.00035150
83		0.0108		0.0107		0.0000		0.4427		0.00034962
84		0.0110		0.0101		0.0000		0.4570		0.00034775
85		0.0107		0.0105		0.0000		0.4484		0.00034588
86		0.0108		0.0110		0.0000		0.4450		0.00034400
87		0.0108		0.0112		0.0000		0.4409		0.00034212
88		0.0107		0.0101		0.0000		0.4469		0.00034025
89		0.0106		0.0097		0.0000		0.4467		0.00033837
90		0.0109		0.0128		0.0000		0.3966		0.00033649
91		0.0106		0.0099		0.0000		0.4570		0.00033460
92		0.0105		0.0094		0.0000		0.4627		0.00033272
93		0.0106		0.0098		0.0000		0.4569		0.00033084
94		0.0104		0.0096		0.0000		0.4712		0.00032895
95		0.0105		0.0100		0.0000		0.4590		0.00032707
96		0.0106		0.0100		0.0000		0.4553		0.00032518
97		0.0104		0.0095		0.0000		0.4549		0.00032329
98		0.0104		0.0096		0.0000		0.4615		0.00032140
99		0.0104		0.0096		0.0000		0.4404		0.00031951
100		0.0105		0.0117		0.0000		0.4490		0.00031762
101		0.0105		0.0094		0.0000		0.4510		0.00031572
102		0.0103		0.0104		0.0000		0.4548		0.00031383
103		0.0104		0.0093		0.0000		0.4540		0.00031193
104		0.0103		0.0096		0.0000		0.4691		0.00031003
105		0.0102		0.0089		0.0000		0.4645		0.00030814
106		0.0102		0.0094		0.0000		0.4477		0.00030624
107		0.0102		0.0092		0.0000		0.4657		0.00030433
108		0.0101		0.0100		0.0000		0.4707		0.00030243
109		0.0103		0.0092		0.0000		0.4684		0.00030053
110		0.0103		0.0091		0.0000		0.4653		0.00029862
111		0.0101		0.0094		0.0000		0.4570		0.00029671
112		0.0101		0.0096		0.0000		0.4524		0.00029481
113		0.0102		0.0099		0.0000		0.4633		0.00029290
114		0.0102		0.0092		0.0000		0.4777		0.00029099
115		0.0101		0.0092		0.0000		0.4597		0.00028907
116		0.0102		0.0089		0.0000		0.4635		0.00028716
117		0.0100		0.0090		0.0000		0.4682		0.00028525
118		0.0100		0.0088		0.0000		0.4575		0.00028333
119		0.0101		0.0088		0.0000		0.4689		0.00028141
120		0.0101		0.0093		0.0000		0.4690		0.00027949
121		0.0103		0.0100		0.0000		0.4560		0.00027757
122		0.0100		0.0099		0.0000		0.4371		0.00027565
123		0.0098		0.0088		0.0000		0.4710		0.00027372
124		0.0099		0.0089		0.0000		0.4718		0.00027180
125		0.0097		0.0100		0.0000		0.4524		0.00026987
126		0.0100		0.0091		0.0000		0.4749		0.00026794
127		0.0099		0.0091		0.0000		0.4630		0.00026601
128		0.0099		0.0099		0.0000		0.4663		0.00026408
129		0.0098		0.0087		0.0000		0.4682		0.00026215
130		0.0097		0.0087		0.0000		0.4762		0.00026021
131		0.0098		0.0098		0.0000		0.4596		0.00025828
132		0.0100		0.0091		0.0000		0.4645		0.00025634
133		0.0098		0.0086		0.0000		0.4662		0.00025440
134		0.0097		0.0096		0.0000		0.4559		0.00025246
135		0.0097		0.0087		0.0000		0.4820		0.00025052
136		0.0099		0.0086		0.0000		0.4698		0.00024857
137		0.0098		0.0087		0.0000		0.4794		0.00024663
138		0.0098		0.0088		0.0000		0.4771		0.00024468
139		0.0097		0.0087		0.0000		0.4755		0.00024273
140		0.0096		0.0086		0.0000		0.4805		0.00024078
141		0.0095		0.0086		0.0000		0.4825		0.00023882
142		0.0096		0.0091		0.0000		0.4704		0.00023687
143		0.0096		0.0086		0.0000		0.4766		0.00023491
144		0.0095		0.0084		0.0000		0.4885		0.00023295
145		0.0096		0.0086		0.0000		0.4806		0.00023099
146		0.0096		0.0088		0.0000		0.4704		0.00022903
147		0.0096		0.0094		0.0000		0.4729		0.00022707
148		0.0095		0.0085		0.0000		0.4821		0.00022510
149		0.0094		0.0089		0.0000		0.4716		0.00022313
150		0.0094		0.0084		0.0000		0.4755		0.00022116
151		0.0093		0.0084		0.0000		0.4842		0.00021919
152		0.0095		0.0086		0.0000		0.4720		0.00021722
153		0.0093		0.0082		0.0000		0.4884		0.00021524
154		0.0094		0.0086		0.0000		0.4857		0.00021326
155		0.0093		0.0083		0.0000		0.4681		0.00021128
156		0.0095		0.0082		0.0000		0.4860		0.00020930
157		0.0094		0.0084		0.0000		0.4823		0.00020732
158		0.0093		0.0084		0.0000		0.4872		0.00020533
159		0.0095		0.0083		0.0000		0.4923		0.00020334
160		0.0091		0.0081		0.0000		0.4798		0.00020135
161		0.0091		0.0083		0.0000		0.4769		0.00019936
162		0.0093		0.0081		0.0000		0.4881		0.00019737
163		0.0092		0.0079		0.0000		0.4981		0.00019537
164		0.0091		0.0078		0.0000		0.4920		0.00019337
165		0.0092		0.0084		0.0000		0.4868		0.00019137
166		0.0091		0.0080		0.0000		0.4845		0.00018937
167		0.0091		0.0082		0.0000		0.4916		0.00018736
168		0.0090		0.0083		0.0000		0.4932		0.00018535
169		0.0091		0.0079		0.0000		0.4905		0.00018334
170		0.0091		0.0079		0.0000		0.4932		0.00018133
171		0.0089		0.0081		0.0000		0.4874		0.00017931
172		0.0091		0.0078		0.0000		0.4914		0.00017729
173		0.0090		0.0078		0.0000		0.4983		0.00017527
174		0.0090		0.0080		0.0000		0.4973		0.00017325
175		0.0089		0.0080		0.0000		0.4910		0.00017122
176		0.0089		0.0078		0.0000		0.4922		0.00016919
177		0.0089		0.0079		0.0000		0.4957		0.00016716
178		0.0089		0.0079		0.0000		0.4855		0.00016513
179		0.0088		0.0075		0.0000		0.4993		0.00016309
180		0.0089		0.0078		0.0000		0.4928		0.00016105
181		0.0089		0.0077		0.0000		0.5002		0.00015901
182		0.0086		0.0077		0.0000		0.4953		0.00015696
183		0.0088		0.0077		0.0000		0.4994		0.00015491
184		0.0088		0.0077		0.0000		0.4966		0.00015286
185		0.0087		0.0074		0.0000		0.5058		0.00015080
186		0.0087		0.0078		0.0000		0.4877		0.00014875
187		0.0086		0.0074		0.0000		0.4997		0.00014669
188		0.0087		0.0076		0.0000		0.5013		0.00014462
189		0.0086		0.0074		0.0000		0.5060		0.00014255
190		0.0086		0.0074		0.0000		0.5060		0.00014048
191		0.0086		0.0077		0.0000		0.4979		0.00013841
192		0.0085		0.0073		0.0000		0.5113		0.00013633
193		0.0087		0.0077		0.0000		0.5020		0.00013425
194		0.0083		0.0080		0.0000		0.4889		0.00013216
195		0.0086		0.0075		0.0000		0.5025		0.00013007
196		0.0084		0.0074		0.0000		0.5028		0.00012798
197		0.0085		0.0072		0.0000		0.5075		0.00012589
198		0.0086		0.0071		0.0000		0.5098		0.00012379
199		0.0084		0.0077		0.0000		0.5045		0.00012168
200		0.0083		0.0073		0.0000		0.5018		0.00011957
201		0.0083		0.0071		0.0000		0.5092		0.00011746
202		0.0083		0.0070		0.0000		0.5097		0.00011535
203		0.0083		0.0070		0.0000		0.5157		0.00011322
204		0.0082		0.0074		0.0000		0.5073		0.00011110
205		0.0083		0.0073		0.0000		0.5117		0.00010897
206		0.0083		0.0071		0.0000		0.5111		0.00010684
207		0.0083		0.0071		0.0000		0.5161		0.00010470
208		0.0083		0.0070		0.0000		0.5075		0.00010255
209		0.0082		0.0071		0.0000		0.5053		0.00010040
210		0.0081		0.0069		0.0000		0.5093		0.00009825
211		0.0081		0.0070		0.0000		0.5129		0.00009609
212		0.0083		0.0072		0.0000		0.5010		0.00009393
213		0.0081		0.0068		0.0000		0.5147		0.00009175
214		0.0081		0.0067		0.0000		0.5151		0.00008958
215		0.0080		0.0068		0.0000		0.5166		0.00008740
216		0.0081		0.0067		0.0000		0.5132		0.00008521
217		0.0079		0.0068		0.0000		0.5147		0.00008301
218		0.0080		0.0066		0.0000		0.5205		0.00008081
219		0.0079		0.0067		0.0000		0.5158		0.00007861
220		0.0080		0.0068		0.0000		0.5125		0.00007639
221		0.0078		0.0066		0.0000		0.5186		0.00007417
222		0.0078		0.0070		0.0000		0.5119		0.00007194
223		0.0078		0.0065		0.0000		0.5254		0.00006971
224		0.0078		0.0066		0.0000		0.5192		0.00006746
225		0.0078		0.0065		0.0000		0.5243		0.00006521
226		0.0076		0.0065		0.0000		0.5209		0.00006295
227		0.0078		0.0065		0.0000		0.5206		0.00006068
228		0.0077		0.0065		0.0000		0.5220		0.00005840
229		0.0077		0.0064		0.0000		0.5251		0.00005611
230		0.0076		0.0065		0.0000		0.5246		0.00005380
231		0.0075		0.0063		0.0000		0.5254		0.00005149
232		0.0075		0.0063		0.0000		0.5265		0.00004917
233		0.0075		0.0063		0.0000		0.5282		0.00004683
234		0.0075		0.0063		0.0000		0.5270		0.00004449
235		0.0075		0.0062		0.0000		0.5276		0.00004212
236		0.0076		0.0063		0.0000		0.5276		0.00003975
237		0.0075		0.0062		0.0000		0.5287		0.00003735
238		0.0075		0.0062		0.0000		0.5288		0.00003494
239		0.0075		0.0061		0.0000		0.5298		0.00003252
240		0.0074		0.0062		0.0000		0.5297		0.00003007
241		0.0074		0.0062		0.0000		0.5275		0.00002759
242		0.0076		0.0061		0.0000		0.5301		0.00002510
243		0.0075		0.0062		0.0000		0.5292		0.00002257
244		0.0073		0.0061		0.0000		0.5299		0.00002002
245		0.0075		0.0060		0.0000		0.5310		0.00001742
246		0.0073		0.0061		0.0000		0.5305		0.00001479
247		0.0073		0.0060		0.0000		0.5312		0.00001210
248		0.0073		0.0061		0.0000		0.5329		0.00000934
249		0.0072		0.0060		0.0000		0.5324		0.00000648
250		0.0073		0.0060		0.0000		0.5324		0.00000347